A = [[208.000000,50.000000,59.000000,45.000000,41.000000,4.000000]; 
[50.000000,274.000000,31.000000,79.000000,66.000000,28.000000]; 
[59.000000,31.000000,273.000000,24.000000,93.000000,30.000000]; 
[45.000000,79.000000,24.000000,210.000000,43.000000,41.000000]; 
[41.000000,66.000000,93.000000,43.000000,288.000000,13.000000]; 
[4.000000,28.000000,30.000000,41.000000,13.000000,204.000000]]

[Q,R]=qr(A)


A2 =[0.000000,0.092298,0.931731,0.252360,0.810429,0.984891;0.092298,0.487217,0.568060,0.298197,0.188420,0.118352;0.931731,0.568060,0.556094,0.875981,0.886314,0.893906;0.252360,0.298197,0.875981,0.531557,0.570614,0.784484;0.810429,0.188420,0.886314,0.570614,0.076775,0.100916;0.984891,0.118352,0.893906,0.784484,0.100916,0.253311]

[Q,R]=qr(A2)

B=[0.000000,0.092298;0.092298,0.487217];
[Q,R]=qr(B)